1,1,210.13,250.78,91.79000000000002,38.690000000000026,1,1,1.0
1,2,129.07,331.73,126.86000000000001,57.539999999999964,1,1,1.0
1,3,732.8,265.6,68.20000000000005,39.39999999999998,1,1,1.0
2,1,210.13,250.81,91.81,38.74000000000001,1,1,1.0
2,2,102.19,334.29,131.98,59.66999999999996,1,1,1.0
2,3,720.0,268.16,70.33000000000004,37.69,1,1,1.0
3,1,210.13,250.83,91.82999999999998,38.809999999999974,1,1,1.0
3,2,75.31,336.85,137.1,61.799999999999955,1,1,1.0
3,3,707.2,270.72,72.46999999999991,35.98999999999995,1,1,1.0
4,1,210.13,250.85,91.85000000000002,38.880000000000024,1,1,1.0
4,2,49.71,340.69,141.37,63.079999999999984,1,1,1.0
4,3,692.48,272.43,75.02999999999997,35.98000000000002,1,1,1.0
5,1,210.13,250.87,91.87,38.94,1,1,1.0
5,2,25.39,345.81,144.77999999999997,63.50999999999999,1,1,1.0
5,3,675.84,273.28,78.00999999999999,37.690000000000055,1,1,1.0
6,1,210.13,250.89,91.88999999999999,39.00999999999999,1,1,1.0
6,2,1.0,350.93,148.27,63.94,1,1,1.0
6,3,659.2,274.13,81.0,39.39999999999998,1,1,1.0
7,1,210.13,250.91,91.92000000000002,39.07000000000002,1,1,1.0
7,2,1.0,353.07,123.52,66.92000000000002,1,1,1.0
7,3,647.68,275.84,78.87,40.68000000000001,1,1,1.0
8,1,210.13,250.93,91.94,39.139999999999986,1,1,1.0
8,2,1.0,355.2,98.77,69.91000000000003,1,1,1.0
8,3,636.16,277.55,76.73000000000002,41.95999999999998,1,1,1.0
9,1,210.13,250.95,91.95999999999998,39.19999999999999,1,1,1.0
9,2,1.0,359.04,74.24,70.32999999999998,1,1,1.0
9,3,622.29,279.89,76.74000000000001,42.18000000000001,1,1,1.0
10,1,210.13,250.98,91.98000000000002,39.26000000000002,1,1,1.0
10,2,1.0,364.59,49.92,68.20000000000005,1,1,1.0
10,3,606.08,282.88,78.87,41.31999999999999,1,1,1.0
11,1,210.13,251.0,92.0,39.31999999999999,1,1,1.0
11,2,1.0,370.13,25.6,66.07,1,1,1.0
11,3,589.87,285.87,81.0,40.45999999999998,1,1,1.0
12,1,210.13,251.02,92.01999999999998,39.390000000000015,1,1,1.0
12,3,574.51,288.43,82.27999999999997,39.610000000000014,1,1,1.0
13,1,210.13,251.04,92.04000000000002,39.45000000000002,1,1,1.0
13,3,559.15,290.99,83.56000000000006,38.75999999999999,1,1,1.0
14,1,210.13,251.06,92.06,39.51999999999998,1,1,1.0
14,3,543.36,292.69,85.68999999999994,39.829999999999984,1,1,1.0
15,1,210.13,251.08,92.09000000000003,39.58000000000001,1,1,1.0
15,3,527.15,293.55,88.68000000000006,42.81,1,1,1.0
16,1,210.13,251.1,92.11000000000001,39.650000000000006,1,1,1.0
16,3,510.93,294.4,91.67000000000002,45.80000000000001,1,1,1.0
17,1,210.13,251.13,92.13,39.69999999999999,1,1,1.0
17,3,492.16,298.24,93.80000000000001,46.64999999999998,1,1,1.0
18,1,210.13,251.15,92.14999999999998,39.77000000000001,1,1,1.0
18,3,473.39,302.08,95.93000000000006,47.50999999999999,1,1,1.0
19,1,210.13,251.17,92.17000000000002,39.84,1,1,1.0
19,3,456.11,305.28,97.41999999999996,47.93000000000001,1,1,1.0
20,1,210.13,251.19,92.19,39.89999999999998,1,1,1.0
20,3,440.32,307.84,98.28000000000003,47.93000000000001,1,1,1.0
21,1,210.13,251.21,92.20999999999998,39.97,1,1,1.0
21,3,424.53,310.4,99.13999999999999,47.93000000000001,1,1,1.0
22,1,210.13,251.23,92.24000000000001,40.03,1,1,1.0
22,3,405.76,313.39,102.12,48.360000000000014,1,1,1.0
23,1,210.13,251.25,92.25999999999999,40.10000000000002,1,1,1.0
23,3,386.99,316.37,105.09999999999997,48.79000000000002,1,1,1.0
24,1,210.13,251.27,92.28000000000003,40.16,1,1,1.0
24,3,367.57,319.36,107.24000000000001,50.06999999999999,1,1,1.0
25,1,210.13,251.3,92.30000000000001,40.21999999999997,1,1,1.0
25,3,347.52,322.35,108.52000000000004,52.19999999999999,1,1,1.0
26,1,210.13,251.32,92.32,40.28000000000003,1,1,1.0
26,3,327.47,325.33,109.79999999999995,54.34000000000003,1,1,1.0
27,1,210.13,251.34,92.34000000000003,40.349999999999994,1,1,1.0
27,3,306.99,328.32,111.93,55.19,1,1,1.0
28,1,210.13,251.36,92.36000000000001,40.40999999999997,1,1,1.0
28,3,286.51,331.31,114.06,56.04000000000002,1,1,1.0
29,1,210.13,251.38,92.38,40.48000000000002,1,1,1.0
29,3,266.03,334.72,116.20000000000005,57.31999999999999,1,1,1.0
30,1,210.13,251.4,92.41000000000003,40.53999999999999,1,1,1.0
30,3,245.55,338.56,118.32999999999998,59.02999999999997,1,1,1.0
31,1,210.13,251.42,92.43,40.609999999999985,1,1,1.0
31,3,225.07,342.4,120.45999999999998,60.73000000000002,1,1,1.0
32,1,210.13,251.45,92.44999999999999,40.660000000000025,1,1,1.0
32,3,201.17,344.96,124.31000000000003,63.72000000000003,1,1,1.0
33,1,210.13,251.47,92.47000000000003,40.72999999999999,1,1,1.0
33,3,177.28,347.52,128.15,66.71000000000004,1,1,1.0
34,1,210.13,251.49,92.49000000000001,40.80000000000001,1,1,1.0
34,3,153.17,351.57,132.20000000000002,68.19999999999999,1,1,1.0
35,1,210.13,251.51,92.50999999999999,40.860000000000014,1,1,1.0
35,3,128.85,357.12,136.47,68.19999999999999,1,1,1.0
36,1,210.13,251.53,92.53000000000003,40.92999999999998,1,1,1.0
36,3,104.53,362.67,140.74,68.19999999999999,1,1,1.0
37,1,210.13,251.55,92.56,40.99000000000001,1,1,1.0
37,3,77.23,366.93,145.85000000000002,70.33999999999997,1,1,1.0
38,1,210.13,251.57,92.57999999999998,41.06,1,1,1.0
38,3,49.92,371.2,150.96999999999997,72.47000000000003,1,1,1.0
39,1,210.13,251.59,92.60000000000002,41.119999999999976,1,1,1.0
39,3,29.23,374.83,147.77,75.24000000000001,1,1,1.0
40,1,210.13,251.62,92.62,41.18000000000001,1,1,1.0
40,3,15.15,377.81,136.25,78.66000000000003,1,1,1.0
41,1,210.13,251.64,92.63999999999999,41.24000000000001,1,1,1.0
41,3,1.0,380.8,124.8,82.07,1,1,1.0
42,1,210.13,251.66,92.66000000000003,41.31000000000003,1,1,1.0
42,3,1.0,384.64,97.92,81.63999999999999,1,1,1.0
43,1,210.13,251.68,92.68,41.370000000000005,1,1,1.0
43,3,1.0,388.48,71.04,81.20999999999998,1,1,1.0
44,1,210.13,251.7,92.69999999999999,41.44,1,1,1.0
45,1,210.13,251.72,92.73000000000002,41.50000000000003,1,1,1.0
46,1,210.12,251.74,92.75,41.539999999999964,1,1,1.0
47,1,210.1,251.77,92.77000000000001,41.53,1,1,1.0
48,1,210.08,251.79,92.78999999999999,41.53,1,1,1.0
49,1,210.06,251.81,92.81,41.52999999999997,1,1,1.0
50,1,210.04,251.83,92.83000000000001,41.53,1,1,1.0
51,1,210.02,251.85,92.85,41.53,1,1,1.0
52,1,209.99,251.87,92.88,41.54000000000002,1,1,1.0
53,1,209.97,251.89,92.9,41.54000000000002,1,1,1.0
54,1,209.95,251.91,92.92000000000002,41.53999999999999,1,1,1.0
54,4,930.35,220.8,28.649999999999977,72.25,1,1,1.0
55,1,209.93,251.94,92.94,41.53000000000003,1,1,1.0
55,4,928.64,220.8,30.360000000000014,73.95999999999998,1,1,1.0
56,1,209.91,251.96,92.96000000000001,41.53,1,1,1.0
56,4,926.93,220.8,32.07000000000005,75.67000000000002,1,1,1.0
57,1,209.89,251.98,92.98000000000002,41.53,1,1,1.0
57,4,922.67,221.65,36.33000000000004,72.67999999999998,1,1,1.0
58,1,209.87,252.0,93.0,41.52999999999997,1,1,1.0
58,4,918.4,222.51,40.60000000000002,69.69,1,1,1.0
59,1,209.85,252.02,93.02000000000001,41.53,1,1,1.0
59,4,913.92,222.72,45.08000000000004,70.33000000000001,1,1,1.0
60,1,209.82,252.04,93.05000000000001,41.53999999999999,1,1,1.0
60,4,909.23,222.29,49.76999999999998,74.6,1,1,1.0
61,1,209.8,252.06,93.07,41.54000000000002,1,1,1.0
61,4,904.53,221.87,54.47000000000003,78.86000000000001,1,1,1.0
62,1,209.78,252.09,93.09,41.53,1,1,1.0
62,4,901.55,224.43,57.450000000000045,77.15999999999997,1,1,1.0
63,1,209.76,252.11,93.11000000000001,41.52999999999997,1,1,1.0
63,4,898.56,226.99,60.440000000000055,75.44999999999999,1,1,1.0
64,1,209.74,252.13,93.13,41.53000000000003,1,1,1.0
64,4,893.87,227.63,65.13,76.30000000000001,1,1,1.0
65,1,209.72,252.15,93.15,41.53,1,1,1.0
65,4,887.47,226.35,71.52999999999997,79.72,1,1,1.0
66,1,209.7,252.17,93.17000000000002,41.53,1,1,1.0
66,4,881.07,225.07,77.92999999999995,83.13,1,1,1.0
67,1,209.67,252.19,93.20000000000002,41.54000000000002,1,1,1.0
67,4,874.24,223.36,84.75999999999999,85.26999999999998,1,1,1.0
68,1,209.65,252.21,93.22,41.53999999999999,1,1,1.0
68,4,867.41,221.65,91.59000000000003,87.4,1,1,1.0
69,1,209.63,252.23,93.24000000000001,41.53999999999999,1,1,1.0
69,4,861.23,221.23,97.76999999999998,87.82000000000002,1,1,1.0
70,1,209.61,252.26,93.25999999999999,41.53000000000003,1,1,1.0
70,4,855.68,222.08,103.32000000000005,86.54999999999998,1,1,1.0
71,1,209.59,252.28,93.28,41.53,1,1,1.0
71,4,850.13,222.93,108.87,85.26999999999998,1,1,1.0
72,1,209.57,252.3,93.30000000000001,41.52999999999997,1,1,1.0
72,4,840.32,223.36,118.67999999999995,87.82999999999998,1,1,1.0
73,1,209.55,252.32,93.32,41.53000000000003,1,1,1.0
73,4,830.51,223.79,128.49,90.38000000000002,1,1,1.0
74,1,209.53,252.34,93.34,41.53,1,1,1.0
74,4,822.83,225.49,136.16999999999996,90.59999999999997,1,1,1.0
75,1,209.5,252.36,93.37,41.539999999999964,1,1,1.0
75,4,817.28,228.48,141.72000000000003,88.47,1,1,1.0
76,1,209.48,252.38,93.39000000000001,41.54000000000002,1,1,1.0
76,4,811.73,231.47,147.26999999999998,86.33000000000001,1,1,1.0
77,1,209.46,252.41,93.41,41.53,1,1,1.0
77,4,804.48,231.89,154.51999999999998,86.75999999999999,1,1,1.0
78,1,209.44,252.43,93.43,41.52999999999997,1,1,1.0
78,4,797.23,232.32,161.76999999999998,87.19,1,1,1.0
79,1,209.42,252.45,93.45000000000002,41.53000000000003,1,1,1.0
79,4,790.19,232.53,168.80999999999995,88.9,1,1,1.0
79,5,768.85,256.43,54.120000000000005,25.95999999999998,1,1,1.0
80,1,209.4,252.47,93.47,41.53,1,1,1.0
80,4,783.36,232.53,159.92999999999995,91.88000000000002,1,1,1.0
80,5,757.76,257.28,51.56000000000006,26.810000000000002,1,1,1.0
81,1,209.38,252.49,93.49000000000001,41.52999999999997,1,1,1.0
81,4,776.53,232.53,159.94000000000005,94.86999999999998,1,1,1.0
81,5,746.67,258.13,49.0,27.670000000000016,1,1,1.0
82,1,209.35,252.51,93.52000000000001,41.54000000000002,1,1,1.0
82,4,764.59,232.96,168.89,96.56999999999996,1,1,1.0
82,5,736.85,258.99,47.72000000000003,27.24000000000001,1,1,1.0
83,1,209.33,252.53,93.53999999999999,41.53999999999999,1,1,1.0
83,4,752.64,233.39,177.85000000000002,98.28000000000003,1,1,1.0
83,5,727.04,259.84,46.440000000000055,26.810000000000002,1,1,1.0
84,1,209.31,252.55,93.56,41.539999999999964,1,1,1.0
84,4,743.04,235.31,182.12,97.85000000000002,1,1,1.0
84,5,716.59,260.27,46.00999999999999,27.450000000000045,1,1,1.0
85,1,209.29,252.58,93.58000000000001,41.53,1,1,1.0
85,4,735.79,238.72,181.69000000000005,95.28999999999999,1,1,1.0
85,5,705.49,260.27,46.43999999999994,29.160000000000025,1,1,1.0
86,1,209.27,252.6,93.6,41.53,1,1,1.0
86,4,728.53,242.13,181.26999999999998,92.74000000000001,1,1,1.0
86,5,694.4,260.27,46.870000000000005,30.860000000000014,1,1,1.0
87,1,209.25,252.62,93.62,41.52999999999997,1,1,1.0
87,4,719.15,241.71,181.69000000000005,97.85,1,1,1.0
87,5,683.31,260.69,50.280000000000086,31.30000000000001,1,1,1.0
88,1,209.23,252.64,93.64000000000001,41.53000000000003,1,1,1.0
88,4,709.76,241.28,182.12,102.97,1,1,1.0
88,5,672.21,261.12,53.69999999999993,31.71999999999997,1,1,1.0
89,1,209.21,252.66,93.66,41.53,1,1,1.0
89,4,698.88,242.13,185.96000000000004,105.11000000000001,1,1,1.0
89,5,661.12,262.19,55.610000000000014,30.860000000000014,1,1,1.0
90,1,209.18,252.68,93.69,41.54000000000002,1,1,1.0
90,4,686.51,244.27,193.21000000000004,104.24999999999997,1,1,1.0
90,5,650.03,263.89,56.04000000000008,28.74000000000001,1,1,1.0
91,1,209.16,252.7,93.71000000000001,41.54000000000002,1,1,1.0
91,4,674.13,246.4,200.47000000000003,103.4,1,1,1.0
91,5,638.93,265.6,56.47000000000003,26.599999999999966,1,1,1.0
92,1,209.14,252.73,93.73000000000002,41.53,1,1,1.0
92,4,665.6,248.11,202.16999999999996,104.25,1,1,1.0
92,5,626.99,266.03,60.73000000000002,26.600000000000023,1,1,1.0
93,1,209.12,252.75,93.75,41.52999999999997,1,1,1.0
93,4,657.07,249.81,203.88,105.11000000000001,1,1,1.0
93,5,615.04,266.45,65.0,26.600000000000023,1,1,1.0
94,1,209.1,252.77,93.77000000000001,41.53,1,1,1.0
94,4,647.25,251.95,206.01999999999998,104.46000000000004,1,1,1.0
94,5,602.67,266.24,67.98000000000002,27.029999999999973,1,1,1.0
95,1,209.08,252.79,93.78999999999999,41.53,1,1,1.0
95,4,636.16,254.51,208.57000000000005,102.32999999999998,1,1,1.0
95,5,589.87,265.39,69.68999999999994,27.879999999999995,1,1,1.0
96,1,209.05,252.82,93.81,41.51999999999998,1,1,1.0
96,4,625.07,257.07,211.13,100.19999999999999,1,1,1.0
96,5,577.07,264.53,71.39999999999998,28.74000000000001,1,1,1.0
97,1,209.0,252.86,93.82999999999998,41.50999999999999,1,1,1.0
97,4,613.55,254.93,214.97000000000003,106.59999999999997,1,1,1.0
97,5,565.12,265.39,74.80999999999995,30.00999999999999,1,1,1.0
98,1,208.96,252.91,93.85,41.47999999999999,1,1,1.0
98,4,602.03,252.8,218.81000000000006,113.0,1,1,1.0
98,5,553.17,266.24,78.23000000000002,31.289999999999964,1,1,1.0
99,1,208.92,252.95,93.87000000000003,41.460000000000036,1,1,1.0
99,4,589.44,253.23,223.7199999999999,115.77000000000001,1,1,1.0
99,5,539.95,267.09,82.49000000000001,31.939999999999998,1,1,1.0
100,1,208.87,252.99,93.89999999999998,41.44,1,1,1.0
100,4,575.79,256.21,229.69000000000005,114.92000000000002,1,1,1.0
100,5,525.44,267.95,87.6099999999999,31.930000000000007,1,1,1.0
101,1,208.83,253.03,93.91999999999999,41.41999999999999,1,1,1.0
101,4,562.13,259.2,235.66999999999996,114.07,1,1,1.0
101,5,510.93,268.8,92.73999999999995,31.930000000000007,1,1,1.0
101,6,738.13,249.6,60.74000000000001,29.799999999999983,1,1,1.0
102,1,208.79,253.08,93.94000000000003,41.390000000000015,1,1,1.0
102,4,547.2,259.63,242.91999999999996,117.48000000000002,1,1,1.0
102,5,496.43,269.23,94.44,32.35999999999996,1,1,1.0
102,6,728.32,250.03,62.43999999999994,29.369999999999976,1,1,1.0
103,1,208.75,253.12,93.95999999999998,41.370000000000005,1,1,1.0
103,4,532.27,260.05,250.17000000000007,120.89999999999998,1,1,1.0
103,5,481.92,269.65,96.15000000000003,32.79000000000002,1,1,1.0
103,6,718.51,250.45,64.13999999999999,28.94999999999999,1,1,1.0
104,1,208.7,253.16,93.99000000000001,41.349999999999994,1,1,1.0
104,4,518.4,261.12,254.44000000000005,124.08999999999997,1,1,1.0
104,5,468.69,270.93,95.51000000000005,32.360000000000014,1,1,1.0
104,6,706.56,251.52,66.49000000000001,29.159999999999997,1,1,1.0
105,1,208.66,253.21,94.00000000000003,41.33000000000001,1,1,1.0
105,4,505.6,262.83,255.72000000000003,127.08000000000004,1,1,1.0
105,5,456.75,273.07,92.51999999999998,31.079999999999984,1,1,1.0
105,6,692.48,253.23,69.48000000000002,30.01000000000002,1,1,1.0
106,1,208.62,253.25,94.01999999999998,41.31,1,1,1.0
106,4,492.8,264.53,256.99999999999994,130.07000000000005,1,1,1.0
106,5,444.8,275.2,89.53000000000003,29.80000000000001,1,1,1.0
106,6,678.4,254.93,72.47000000000003,30.870000000000005,1,1,1.0
106,7,938.67,215.47,20.33000000000004,52.20000000000002,1,1,1.0
107,1,208.58,253.29,94.03999999999999,41.28999999999999,1,1,1.0
107,4,476.16,267.52,266.81,131.77000000000004,1,1,1.0
107,5,430.72,274.77,92.08999999999992,31.50999999999999,1,1,1.0
107,6,662.61,253.65,76.74000000000001,34.28,1,1,1.0
107,7,934.83,214.19,24.16999999999996,52.620000000000005,1,1,1.0
108,1,208.53,253.33,94.07000000000002,41.27000000000001,1,1,1.0
108,4,459.52,270.51,276.63,133.48000000000002,1,1,1.0
108,5,416.64,274.35,94.65000000000003,33.20999999999998,1,1,1.0
108,6,646.83,252.37,81.0,37.69999999999999,1,1,1.0
108,7,930.99,212.91,28.00999999999999,53.04999999999998,1,1,1.0
109,1,208.49,253.38,94.08999999999997,41.24000000000001,1,1,1.0
109,4,443.52,271.79,282.81000000000006,136.89,1,1,1.0
109,5,402.35,273.92,97.20999999999998,35.76999999999998,1,1,1.0
109,6,632.11,252.37,84.62,38.339999999999975,1,1,1.0
109,7,926.93,212.05,32.07000000000005,54.55000000000001,1,1,1.0
110,1,208.45,253.42,94.11000000000001,41.22,1,1,1.0
110,4,428.16,271.36,285.36999999999995,142.01,1,1,1.0
110,5,387.84,273.49,99.77000000000004,39.19,1,1,1.0
110,6,618.45,253.65,87.62,36.20000000000002,1,1,1.0
110,7,922.67,211.63,36.33000000000004,57.10000000000002,1,1,1.0
111,1,208.41,253.46,94.13000000000002,41.20000000000002,1,1,1.0
111,4,412.8,270.93,287.93,147.14,1,1,1.0
111,5,373.33,273.07,102.34000000000003,42.60000000000002,1,1,1.0
111,6,604.8,254.93,90.60000000000002,34.06999999999999,1,1,1.0
111,7,918.4,211.2,40.60000000000002,59.670000000000016,1,1,1.0
112,1,208.36,253.5,94.14999999999998,41.19,1,1,1.0
112,4,396.59,273.49,296.04,149.26999999999998,1,1,1.0
112,5,358.4,274.35,103.61000000000001,40.45999999999998,1,1,1.0
112,6,592.0,256.21,92.30999999999995,34.920000000000016,1,1,1.0
112,7,914.13,212.05,44.870000000000005,57.539999999999964,1,1,1.0
113,1,208.32,253.55,94.17000000000002,41.15999999999997,1,1,1.0
113,4,380.37,276.05,304.15,151.39999999999998,1,1,1.0
113,5,343.47,275.63,104.88999999999999,38.329999999999984,1,1,1.0
113,6,579.2,257.49,94.00999999999999,35.77999999999997,1,1,1.0
113,7,909.87,212.91,49.129999999999995,55.400000000000006,1,1,1.0
114,1,208.28,253.59,94.19000000000003,41.140000000000015,1,1,1.0
114,4,362.88,277.33,312.89,155.03000000000003,1,1,1.0
114,5,328.32,276.91,106.60000000000002,37.25999999999999,1,1,1.0
114,6,567.04,257.71,94.23000000000002,36.200000000000045,1,1,1.0
114,7,905.17,213.55,53.83000000000004,54.120000000000005,1,1,1.0
115,1,208.23,253.63,94.22,41.120000000000005,1,1,1.0
115,4,344.11,277.33,322.28,160.15000000000003,1,1,1.0
115,5,312.96,278.19,108.73000000000002,37.25999999999999,1,1,1.0
115,6,555.52,256.85,92.95000000000005,36.19999999999999,1,1,1.0
115,7,900.05,213.97,58.950000000000045,53.70000000000002,1,1,1.0
116,1,208.19,253.67,94.24000000000001,41.099999999999994,1,1,1.0
116,4,325.33,277.33,331.67,165.27000000000004,1,1,1.0
116,5,297.6,279.47,110.87,37.25999999999999,1,1,1.0
116,6,544.0,256.0,91.66999999999996,36.19999999999999,1,1,1.0
116,7,894.93,214.4,64.07000000000005,53.27000000000001,1,1,1.0
117,1,208.15,253.72,94.26000000000002,41.07000000000002,1,1,1.0
117,4,305.28,280.32,338.49,165.69,1,1,1.0
117,5,283.09,279.89,110.87,38.120000000000005,1,1,1.0
117,6,527.79,257.71,94.65000000000009,35.77000000000004,1,1,1.0
117,7,890.67,215.68,68.33000000000004,54.55000000000001,1,1,1.0
118,1,208.11,253.76,94.27999999999997,41.05000000000001,1,1,1.0
118,4,285.23,283.31,345.31999999999994,166.12,1,1,1.0
118,5,268.59,280.32,110.86000000000001,38.97000000000003,1,1,1.0
118,6,511.57,259.41,97.64000000000004,35.349999999999966,1,1,1.0
118,7,886.4,216.96,72.60000000000002,55.83000000000001,1,1,1.0
119,1,208.06,253.8,94.31,41.02999999999997,1,1,1.0
119,4,264.96,285.87,352.79,170.60000000000002,1,1,1.0
119,5,253.01,281.81,111.30000000000001,37.910000000000025,1,1,1.0
119,6,497.07,261.55,98.06,34.69999999999999,1,1,1.0
119,7,881.49,217.39,77.50999999999999,56.460000000000036,1,1,1.0
120,1,208.02,253.85,94.31999999999996,41.01000000000002,1,1,1.0
120,4,244.48,288.0,360.89,179.13,1,1,1.0
120,5,236.37,284.37,112.14999999999998,34.920000000000016,1,1,1.0
120,6,484.27,264.11,95.93000000000006,33.849999999999966,1,1,1.0
120,7,875.95,216.96,83.04999999999995,56.47,1,1,1.0
121,1,207.98,253.89,94.34,40.99000000000001,1,1,1.0
121,4,224.0,290.13,369.0,187.67000000000002,1,1,1.0
121,5,219.73,286.93,113.00000000000003,31.939999999999998,1,1,1.0
121,6,471.47,266.67,93.79999999999995,33.0,1,1,1.0
121,7,870.4,216.53,77.80000000000007,56.47,1,1,1.0
122,1,207.94,253.93,94.36000000000001,40.96999999999997,1,1,1.0
122,4,199.25,293.55,382.23,188.94,1,1,1.0
122,5,203.52,286.93,114.28,35.349999999999966,1,1,1.0
122,6,455.25,266.24,99.35000000000002,34.27999999999997,1,1,1.0
122,7,866.56,216.96,77.80000000000007,56.47,1,1,1.0
123,1,207.89,253.97,94.38999999999999,40.95000000000002,1,1,1.0
123,4,174.51,296.96,395.45000000000005,190.23000000000002,1,1,1.0
123,5,187.31,286.93,115.56,38.75999999999999,1,1,1.0
123,6,439.04,265.81,104.88999999999993,35.56,1,1,1.0
123,7,862.72,217.39,77.79999999999995,56.460000000000036,1,1,1.0
124,1,207.85,254.02,94.41,40.91999999999999,1,1,1.0
124,4,148.48,299.31,409.31999999999994,194.7,1,1,1.0
124,5,170.24,287.36,117.26999999999998,41.110000000000014,1,1,1.0
124,6,423.25,265.6,108.10000000000002,37.69,1,1,1.0
124,7,856.96,218.67,78.43999999999994,56.03999999999999,1,1,1.0
125,1,207.81,254.06,94.43,40.89999999999998,1,1,1.0
125,4,121.17,300.59,423.83,202.38000000000005,1,1,1.0
125,5,152.32,288.21,119.40000000000003,42.39000000000004,1,1,1.0
125,6,407.89,265.6,108.95000000000005,40.67999999999995,1,1,1.0
125,7,849.28,220.8,79.72000000000003,55.19,1,1,1.0
126,1,207.77,254.1,94.45000000000002,40.880000000000024,1,1,1.0
126,4,93.87,301.87,438.33000000000004,210.06,1,1,1.0
126,5,134.4,289.07,121.53,43.660000000000025,1,1,1.0
126,6,392.53,265.6,109.80000000000001,43.66999999999996,1,1,1.0
126,7,841.6,222.93,81.0,54.339999999999975,1,1,1.0
127,1,207.72,254.14,94.47,40.870000000000005,1,1,1.0
127,4,69.55,304.43,446.85999999999996,212.61999999999995,1,1,1.0
127,5,117.76,290.77,122.80999999999999,43.670000000000016,1,1,1.0
127,6,378.03,266.45,111.08000000000004,43.670000000000016,1,1,1.0
127,7,837.33,220.37,79.29999999999995,58.18000000000001,1,1,1.0
128,1,207.68,254.19,94.49000000000001,40.839999999999975,1,1,1.0
128,4,45.23,306.99,455.4,215.17999999999995,1,1,1.0
128,5,101.12,292.48,124.09,43.66999999999996,1,1,1.0
128,6,363.52,267.31,112.36000000000001,43.660000000000025,1,1,1.0
128,7,833.07,217.81,77.57999999999993,62.01999999999998,1,1,1.0
129,1,207.64,254.23,94.50999999999999,40.82000000000002,1,1,1.0
129,4,26.67,310.4,458.81,216.68000000000006,1,1,1.0
129,5,83.84,294.19,124.09,43.660000000000025,1,1,1.0
129,6,349.01,268.16,113.63999999999999,44.51999999999998,1,1,1.0
129,7,826.67,216.96,79.08000000000004,63.72,1,1,1.0
130,1,207.59,254.27,94.53999999999999,40.79999999999998,1,1,1.0
130,4,13.87,314.67,457.1,217.09999999999997,1,1,1.0
130,5,65.92,295.89,122.80999999999999,43.670000000000016,1,1,1.0
130,6,334.51,269.01,114.92000000000002,46.23000000000002,1,1,1.0
130,7,818.13,217.81,83.77999999999997,63.30000000000001,1,1,1.0
131,1,207.55,254.31,94.56,40.77999999999997,1,1,1.0
131,4,1.0,318.93,455.47,220.07,1,1,1.0
131,5,48.0,297.6,121.53,43.66999999999996,1,1,1.0
131,6,320.0,269.87,116.19999999999999,47.93000000000001,1,1,1.0
131,7,809.6,218.67,88.47000000000003,62.859999999999985,1,1,1.0
132,1,207.51,254.36,94.57999999999998,40.75,1,1,1.0
132,4,1.0,322.35,437.12,216.64999999999998,1,1,1.0
132,5,29.65,297.6,122.82,48.35999999999996,1,1,1.0
132,6,305.49,273.28,115.77999999999997,44.950000000000045,1,1,1.0
132,7,804.91,220.37,87.18000000000006,60.31,1,1,1.0
133,1,207.47,254.4,94.6,40.72999999999999,1,1,1.0
133,4,1.0,325.76,418.77,209.0,1,1,1.0
133,5,1.0,297.6,134.4,53.049999999999955,1,1,1.0
133,6,290.99,276.69,115.33999999999997,41.95999999999998,1,1,1.0
133,7,800.21,222.08,85.90999999999997,57.74999999999997,1,1,1.0
134,1,207.42,254.44,94.63000000000002,40.70999999999998,1,1,1.0
134,4,1.0,328.11,400.64,205.15999999999997,1,1,1.0
134,5,1.0,298.45,117.12,54.98000000000002,1,1,1.0
134,6,274.77,277.97,116.42000000000002,42.17999999999995,1,1,1.0
134,7,794.03,222.72,86.54000000000008,58.390000000000015,1,1,1.0
135,1,207.38,254.49,94.63999999999999,40.69,1,1,1.0
135,4,1.0,329.39,382.72,201.74,1,1,1.0
135,5,1.0,300.16,99.63,54.11999999999995,1,1,1.0
135,6,256.85,277.12,118.97999999999996,45.589999999999975,1,1,1.0
135,7,786.35,222.29,89.10000000000002,62.22999999999999,1,1,1.0
136,1,207.34,254.53,94.66,40.66999999999999,1,1,1.0
136,4,1.0,330.67,364.8,198.32999999999998,1,1,1.0
136,5,1.0,301.87,82.13,53.25999999999999,1,1,1.0
136,6,238.93,276.27,121.54000000000002,49.0,1,1,1.0
136,7,778.67,221.87,91.66000000000008,66.06,1,1,1.0
136,8,693.33,508.8,117.26999999999998,30.19999999999999,1,1,1.0
137,1,207.3,254.57,94.68,40.650000000000034,1,1,1.0
137,4,1.0,332.8,346.03,201.32,1,1,1.0
137,5,1.0,304.43,63.36,50.27999999999997,1,1,1.0
137,6,221.87,277.12,123.65999999999997,48.14999999999998,1,1,1.0
137,7,771.84,221.87,91.66999999999996,66.49000000000001,1,1,1.0
137,8,701.44,504.96,123.66999999999996,34.04000000000002,1,1,1.0
138,1,207.25,254.61,94.70999999999998,40.629999999999995,1,1,1.0
138,4,1.0,334.93,327.25,204.07,1,1,1.0
138,5,1.0,306.99,44.59,47.289999999999964,1,1,1.0
138,6,204.8,277.97,125.80000000000001,47.299999999999955,1,1,1.0
138,7,765.01,221.87,91.66999999999996,66.92000000000002,1,1,1.0
138,8,709.55,501.12,130.06000000000006,37.879999999999995,1,1,1.0
139,1,207.21,254.66,94.72999999999999,40.599999999999994,1,1,1.0
139,4,1.0,338.99,307.63,200.01,1,1,1.0
139,6,188.37,278.61,127.07999999999998,47.94,1,1,1.0
139,7,757.76,222.93,91.88,66.70999999999998,1,1,1.0
139,8,717.65,496.21,132.84000000000003,42.79000000000002,1,1,1.0
140,1,207.17,254.7,94.75000000000003,40.579999999999984,1,1,1.0
140,4,1.0,344.96,287.15,194.04000000000002,1,1,1.0
140,6,172.59,279.04,127.49999999999997,50.06999999999999,1,1,1.0
140,7,750.08,225.07,92.30999999999995,65.85000000000002,1,1,1.0
140,8,725.76,490.24,131.99,48.75999999999999,1,1,1.0
141,1,207.13,254.74,94.76999999999998,40.56,1,1,1.0
141,4,1.0,350.93,266.67,183.40000000000003,1,1,1.0
141,6,156.8,279.47,127.93,52.19999999999999,1,1,1.0
141,7,742.4,227.2,92.73000000000002,65.0,1,1,1.0
141,8,733.87,484.27,131.13,54.73000000000002,1,1,1.0
142,1,207.08,254.78,94.78999999999999,40.54999999999998,1,1,1.0
142,4,1.0,353.07,244.05,180.83999999999997,1,1,1.0
142,6,140.16,280.32,129.21,53.05000000000001,1,1,1.0
142,7,733.87,226.35,95.28999999999996,67.13000000000002,1,1,1.0
142,8,745.39,479.15,128.14,59.85000000000002,1,1,1.0
143,1,207.04,254.83,94.81000000000003,40.52000000000001,1,1,1.0
143,4,1.0,355.2,221.44,178.28000000000003,1,1,1.0
143,6,123.52,281.17,130.49,53.90999999999997,1,1,1.0
143,7,725.33,225.49,97.86000000000001,69.26999999999998,1,1,1.0
143,8,756.91,474.03,125.16000000000008,64.97000000000003,1,1,1.0
144,1,207.0,254.87,94.82999999999998,40.5,1,1,1.0
144,4,1.0,358.61,198.83,175.08000000000004,1,1,1.0
144,6,105.81,282.88,131.35,53.69,1,1,1.0
144,7,717.44,225.71,98.70999999999992,68.61999999999998,1,1,1.0
144,8,766.93,469.12,123.67000000000007,69.88,1,1,1.0
145,1,206.95,254.91,94.86000000000001,40.47999999999999,1,1,1.0
145,4,1.0,363.31,176.21,171.23999999999995,1,1,1.0
145,6,87.04,285.44,131.76999999999998,52.410000000000025,1,1,1.0
145,7,710.19,226.99,97.84999999999991,65.20999999999998,1,1,1.0
145,8,775.47,464.43,123.65999999999997,74.57,1,1,1.0
146,1,206.94,254.93,94.86000000000001,40.45999999999998,1,1,1.0
146,4,1.0,368.0,153.6,171.0,1,1,1.0
146,6,68.27,288.0,132.2,51.129999999999995,1,1,1.0
146,7,702.93,228.27,97.0,61.79999999999998,1,1,1.0
146,8,784.0,459.73,123.66999999999996,79.26999999999998,1,1,1.0
147,1,206.97,254.92,94.83000000000001,40.46000000000001,1,1,1.0
147,4,1.0,372.27,125.87,166.73000000000002,1,1,1.0
147,6,51.2,289.71,133.48000000000002,51.56,1,1,1.0
147,7,695.68,226.99,97.85000000000002,64.77999999999997,1,1,1.0
147,8,792.11,455.47,121.52999999999997,78.86000000000001,1,1,1.0
148,1,206.99,254.91,94.81,40.46000000000001,1,1,1.0
148,4,1.0,376.53,98.13,162.47000000000003,1,1,1.0
148,6,34.13,291.41,134.76,51.98999999999995,1,1,1.0
148,7,688.43,225.71,98.70000000000005,67.77000000000001,1,1,1.0
148,8,800.21,451.2,119.39999999999998,78.87000000000006,1,1,1.0
149,1,207.01,254.9,94.79000000000002,40.46000000000001,1,1,1.0
149,6,21.33,292.27,130.92000000000002,53.48000000000002,1,1,1.0
149,7,679.89,225.71,100.41999999999996,69.04999999999998,1,1,1.0
149,8,808.75,446.29,117.04999999999995,79.50999999999993,1,1,1.0
150,1,207.03,254.89,94.77000000000001,40.460000000000036,1,1,1.0
150,6,12.8,292.27,121.96,56.04000000000002,1,1,1.0
150,7,670.08,226.99,102.96999999999991,68.62,1,1,1.0
150,8,817.71,440.75,114.49000000000001,80.77999999999997,1,1,1.0
151,1,207.05,254.87,94.75,40.46999999999997,1,1,1.0
151,6,1.0,292.27,116.27,58.60000000000002,1,1,1.0
151,7,660.27,228.27,105.52999999999997,68.20000000000002,1,1,1.0
151,8,826.67,435.2,111.93000000000006,82.07,1,1,1.0
152,1,207.07,254.86,94.73000000000002,40.46999999999997,1,1,1.0
152,6,1.0,293.55,98.77,60.30000000000001,1,1,1.0
152,7,650.88,229.12,106.81000000000006,68.63,1,1,1.0
152,8,834.35,432.64,111.07999999999993,79.08000000000004,1,1,1.0
153,1,207.09,254.85,94.71000000000001,40.47,1,1,1.0
153,6,1.0,294.83,81.28,62.00999999999999,1,1,1.0
153,7,641.49,229.97,108.10000000000002,69.05999999999997,1,1,1.0
153,8,842.03,430.08,116.97000000000003,76.09000000000003,1,1,1.0
154,1,207.11,254.84,94.69,40.47,1,1,1.0
154,6,1.0,296.11,63.790000000000006,62.64999999999998,1,1,1.0
154,7,632.11,231.04,109.15999999999997,68.84,1,1,1.0
154,8,849.92,426.67,109.08000000000004,74.59999999999997,1,1,1.0
155,1,207.14,254.83,94.66000000000003,40.47,1,1,1.0
155,6,1.0,297.39,46.29,62.22000000000003,1,1,1.0
155,7,622.72,232.32,110.00999999999999,67.99000000000001,1,1,1.0
155,8,858.03,422.4,100.97000000000003,74.60000000000002,1,1,1.0
156,1,207.16,254.82,94.64000000000001,40.47000000000003,1,1,1.0
156,6,1.0,298.67,28.8,61.80000000000001,1,1,1.0
156,7,613.33,233.6,110.87,67.13000000000002,1,1,1.0
156,8,866.13,418.13,92.87,74.60000000000002,1,1,1.0
157,1,207.18,254.81,94.62,40.46999999999997,1,1,1.0
157,7,603.52,233.17,111.72000000000003,68.84,1,1,1.0
157,8,872.11,413.01,86.88999999999999,74.60000000000002,1,1,1.0
158,1,207.2,254.8,94.60000000000002,40.46999999999997,1,1,1.0
158,7,593.71,232.75,112.56999999999994,70.54000000000002,1,1,1.0
158,8,878.08,407.89,80.91999999999996,74.60000000000002,1,1,1.0
159,1,207.22,254.79,94.58000000000001,40.47,1,1,1.0
159,7,583.89,232.96,114.07000000000005,70.33000000000001,1,1,1.0
159,8,884.69,404.48,74.30999999999995,72.46999999999997,1,1,1.0
160,1,207.24,254.78,94.56,40.47,1,1,1.0
160,7,574.08,233.81,116.19999999999993,68.19999999999999,1,1,1.0
160,8,891.95,402.77,67.04999999999995,68.20000000000005,1,1,1.0
161,1,207.26,254.77,94.54000000000002,40.46000000000001,1,1,1.0
161,7,564.27,234.67,118.33000000000004,66.06000000000003,1,1,1.0
161,8,899.2,401.07,59.799999999999955,63.93000000000001,1,1,1.0
162,1,207.29,254.76,94.51000000000002,40.460000000000036,1,1,1.0
162,7,553.17,235.09,118.34000000000003,67.78,1,1,1.0
162,8,903.89,398.08,55.110000000000014,61.370000000000005,1,1,1.0
163,1,207.31,254.75,94.49000000000001,40.45999999999998,1,1,1.0
163,7,542.08,235.52,118.32999999999993,69.47999999999999,1,1,1.0
163,8,908.59,395.09,50.40999999999997,58.82000000000005,1,1,1.0
164,1,207.33,254.74,94.47,40.45999999999998,1,1,1.0
164,7,530.13,236.37,120.03999999999996,70.75999999999999,1,1,1.0
164,8,914.13,391.68,44.870000000000005,58.81,1,1,1.0
165,1,207.35,254.73,94.45000000000002,40.46000000000001,1,1,1.0
165,7,517.33,237.65,123.45999999999992,71.61999999999998,1,1,1.0
165,8,920.53,387.84,38.47000000000003,61.370000000000005,1,1,1.0
166,1,207.37,254.71,94.43,40.47,1,1,1.0
166,7,504.53,238.93,126.87,72.46999999999997,1,1,1.0
166,8,926.93,384.0,32.07000000000005,63.93000000000001,1,1,1.0
167,1,207.39,254.7,94.41000000000003,40.47000000000003,1,1,1.0
167,7,494.72,238.93,128.14999999999998,72.46999999999997,1,1,1.0
167,8,929.92,383.57,29.08000000000004,60.10000000000002,1,1,1.0
168,1,207.41,254.69,94.39000000000001,40.47000000000003,1,1,1.0
168,7,484.91,238.93,129.42000000000002,72.46999999999997,1,1,1.0
168,8,932.91,383.15,26.090000000000032,56.25,1,1,1.0
169,1,207.43,254.68,94.37,40.46999999999997,1,1,1.0
169,7,473.6,238.72,130.27999999999997,72.67999999999998,1,1,1.0
170,1,207.46,254.67,94.34,40.47,1,1,1.0
170,7,460.8,238.29,130.70999999999998,73.10999999999999,1,1,1.0
171,1,207.48,254.66,94.32000000000002,40.47,1,1,1.0
171,7,448.0,237.87,131.13,73.52999999999997,1,1,1.0
172,1,207.5,254.65,94.30000000000001,40.47,1,1,1.0
172,7,436.05,238.29,132.83999999999997,74.82000000000002,1,1,1.0
173,1,207.52,254.64,94.28,40.47000000000003,1,1,1.0
173,7,424.11,238.72,134.53999999999996,76.09,1,1,1.0
174,1,207.54,254.63,94.26000000000002,40.47000000000003,1,1,1.0
174,7,411.95,239.36,135.60999999999996,74.81,1,1,1.0
175,1,207.56,254.62,94.24000000000001,40.46999999999997,1,1,1.0
175,7,399.57,240.21,136.04000000000002,70.97999999999999,1,1,1.0
176,1,207.58,254.61,94.22,40.45999999999998,1,1,1.0
176,7,387.2,241.07,136.46999999999997,67.13,1,1,1.0
177,1,207.61,254.6,94.19,40.46000000000001,1,1,1.0
177,7,378.67,241.07,136.88999999999993,69.25999999999999,1,1,1.0
178,1,207.63,254.59,94.17000000000002,40.46000000000001,1,1,1.0
178,7,370.13,241.07,137.32,71.40000000000003,1,1,1.0
179,1,207.65,254.58,94.15,40.46000000000001,1,1,1.0
179,7,359.25,241.07,137.54000000000002,72.68,1,1,1.0
180,1,207.67,254.57,94.13000000000002,40.45999999999998,1,1,1.0
180,7,346.03,241.07,137.53000000000003,73.10000000000002,1,1,1.0
181,1,207.69,254.55,94.11000000000001,40.46999999999997,1,1,1.0
181,7,332.8,241.07,137.52999999999997,73.53000000000003,1,1,1.0
182,1,207.71,254.54,94.09,40.47,1,1,1.0
182,7,322.56,241.49,137.95999999999998,73.11000000000001,1,1,1.0
183,1,207.73,254.53,94.07000000000002,40.47,1,1,1.0
183,7,312.32,241.92,138.39,72.68000000000004,1,1,1.0
184,1,207.75,254.52,94.05000000000001,40.47,1,1,1.0
184,7,301.44,243.2,138.81,72.88999999999999,1,1,1.0
185,1,207.78,254.51,94.02000000000001,40.47000000000003,1,1,1.0
185,7,289.92,245.33,139.24,73.74999999999997,1,1,1.0
186,1,207.8,254.5,94.0,40.47000000000003,1,1,1.0
186,7,278.4,247.47,139.67000000000002,74.6,1,1,1.0
187,1,207.82,254.49,93.98000000000002,40.46999999999997,1,1,1.0
187,7,266.03,246.19,140.94000000000005,75.44999999999999,1,1,1.0
188,1,207.84,254.48,93.96000000000001,40.47,1,1,1.0
188,7,253.65,244.91,142.23,76.29999999999998,1,1,1.0
189,1,207.86,254.47,93.94,40.47,1,1,1.0
189,7,241.49,243.84,143.51,78.43999999999997,1,1,1.0
190,1,207.88,254.46,93.92000000000002,40.47,1,1,1.0
190,7,229.55,242.99,144.77999999999997,81.84999999999997,1,1,1.0
