1,1,54.92,60.8,121.08,55.7,1,1,1.0
1,2,92.0,0.0,227.64999999999998,62.47,1,1,1.0
1,3,313.53,0.0,396.80000000000007,113.0,1,1,1.0
1,4,0.0,13.25,18.2,27.759999999999998,1,1,1.0
2,1,35.1,58.3,119.30000000000001,54.10000000000001,1,1,1.0
2,2,92.0,0.0,227.51,62.39,1,1,1.0
2,3,313.37,0.0,396.79999999999995,112.89,1,1,1.0
2,4,0.0,13.25,10.3,27.759999999999998,1,1,1.0
3,1,19.5,55.2,114.19999999999999,52.3,1,1,1.0
3,2,92.0,0.0,227.37,62.31,1,1,1.0
3,3,313.21,0.0,396.8,112.79,1,1,1.0
3,4,0.0,13.25,3.2,27.759999999999998,1,1,1.0
4,1,3.7,52.16,109.8,55.040000000000006,1,1,1.0
4,2,92.0,0.0,227.23000000000002,62.23,1,1,1.0
4,3,313.05,0.0,396.8,112.68,1,1,1.0
5,1,0.0,49.4,93.0,51.940000000000005,1,1,1.0
5,2,92.0,0.0,227.08999999999997,62.15,1,1,1.0
5,3,312.89,0.0,396.80000000000007,112.57,1,1,1.0
6,1,0.0,47.0,75.9,52.400000000000006,1,1,1.0
6,2,92.0,0.0,226.95,62.08,1,1,1.0
6,3,312.73,0.0,396.79999999999995,112.47,1,1,1.0
7,1,0.0,44.4,57.7,51.4,1,1,1.0
7,2,92.0,0.0,226.8,62.0,1,1,1.0
7,3,312.57,0.0,396.8,112.36,1,1,1.0
8,1,0.0,41.0,42.1,48.599999999999994,1,1,1.0
8,2,92.0,0.0,226.66000000000003,61.92,1,1,1.0
8,3,312.41,0.0,396.8,112.25,1,1,1.0
9,1,0.0,43.6,27.2,37.99999999999999,1,1,1.0
9,2,92.0,0.0,226.51999999999998,61.84,1,1,1.0
9,3,312.25,0.0,396.78999999999996,112.15,1,1,1.0
10,1,0.0,48.1,13.5,29.9,1,1,1.0
10,5,914.9,189.07,45.10000000000002,76.63,1,1,1.0
10,2,92.0,0.0,226.38,61.76,1,1,1.0
10,3,312.09,0.0,396.79,112.04,1,1,1.0
11,5,870.2,182.4,89.79999999999995,85.6,1,1,1.0
11,2,92.0,0.0,226.24,61.68,1,1,1.0
11,3,311.93,0.0,396.79,111.93,1,1,1.0
12,5,822.0,170.8,138.0,95.30000000000001,1,1,1.0
12,2,92.0,0.0,226.10000000000002,61.6,1,1,1.0
12,3,311.77,0.0,396.78999999999996,111.83,1,1,1.0
13,5,776.3,160.2,183.70000000000005,103.30000000000001,1,1,1.0
13,6,0.0,187.21,4.6,34.16999999999999,1,1,1.0
13,2,92.0,0.0,225.95,61.52,1,1,1.0
13,3,311.61,0.0,396.78999999999996,111.72,1,1,1.0
14,5,734.9,151.5,225.10000000000002,118.0,1,1,1.0
14,6,0.0,178.3,15.3,45.29999999999998,1,1,1.0
14,2,92.0,0.0,225.81,61.44,1,1,1.0
14,3,311.45,0.0,396.79,111.61,1,1,1.0
15,5,694.1,144.8,265.9,115.0,1,1,1.0
15,6,0.0,164.3,33.6,76.39999999999998,1,1,1.0
15,2,92.0,0.0,225.67000000000002,61.36,1,1,1.0
15,3,311.28,0.0,396.80000000000007,111.51,1,1,1.0
16,5,656.1,136.9,271.79999999999995,113.5,1,1,1.0
16,6,0.0,167.3,52.2,88.6,1,1,1.0
16,2,92.0,0.0,225.52999999999997,61.28,1,1,1.0
16,3,311.12,0.0,396.79999999999995,111.4,1,1,1.0
17,5,615.5,129.8,263.6,109.39999999999998,1,1,1.0
17,6,0.0,167.0,72.45,101.25,1,1,1.0
17,2,92.0,0.0,225.39,61.2,1,1,1.0
17,3,310.96,0.0,396.8,111.29,1,1,1.0
18,5,583.69,119.9,249.90999999999997,108.6,1,1,1.0
18,6,0.0,166.7,92.7,113.90000000000003,1,1,1.0
18,2,92.0,0.0,225.25,61.13,1,1,1.0
18,3,310.8,0.0,396.8,111.18,1,1,1.0
19,5,548.85,115.5,245.54999999999995,103.5,1,1,1.0
19,6,0.0,173.85,116.6,118.70000000000002,1,1,1.0
19,2,92.0,0.0,225.11,61.05,1,1,1.0
19,3,310.64,0.0,396.80000000000007,111.08,1,1,1.0
20,5,515.0,111.4,235.79999999999995,99.91,1,1,1.0
20,6,0.0,181.0,140.5,123.5,1,1,1.0
20,2,92.0,0.0,224.95999999999998,60.97,1,1,1.0
20,3,310.48,0.0,396.79999999999995,110.97,1,1,1.0
21,5,483.7,106.1,229.00000000000006,96.9,1,1,1.0
21,6,0.0,188.8,164.3,131.2,1,1,1.0
21,2,92.0,0.0,224.82,60.89,1,1,1.0
21,3,310.32,0.0,396.8,110.86,1,1,1.0
22,5,454.3,100.4,220.8,94.5,1,1,1.0
22,6,0.0,197.7,194.9,136.5,1,1,1.0
22,2,92.0,0.0,224.68,60.81,1,1,1.0
22,3,310.16,0.0,396.8,110.76,1,1,1.0
23,5,425.11,95.53,211.59000000000003,91.57,1,1,1.0
23,6,16.35,207.35,210.15,143.70000000000002,1,1,1.0
23,2,92.0,0.0,224.54000000000002,60.73,1,1,1.0
23,3,310.0,0.0,396.79999999999995,110.65,1,1,1.0
24,5,399.48,91.92,204.91999999999996,87.38000000000001,1,1,1.0
24,6,32.7,217.0,225.40000000000003,150.89999999999998,1,1,1.0
24,2,92.0,0.0,224.39999999999998,60.65,1,1,1.0
24,3,309.84,0.0,396.8,110.54,1,1,1.0
25,5,375.6,87.7,193.69999999999993,85.10000000000001,1,1,1.0
25,6,58.4,227.44,239.1,159.26,1,1,1.0
25,2,92.0,0.0,224.26,60.57,1,1,1.0
25,3,309.68,0.0,396.8,110.44,1,1,1.0
26,5,351.68,82.58,187.71999999999997,83.42,1,1,1.0
26,6,82.86,237.92,254.24,169.98,1,1,1.0
26,2,92.0,0.0,224.11,60.49,1,1,1.0
26,3,309.52,0.0,396.80000000000007,110.33,1,1,1.0
27,5,329.9,79.8,178.70000000000005,80.60000000000001,1,1,1.0
27,6,112.32,249.6,271.98,183.20000000000002,1,1,1.0
27,2,92.0,0.0,223.97000000000003,60.41,1,1,1.0
27,3,309.36,0.0,396.79999999999995,110.22,1,1,1.0
28,5,308.4,75.8,173.40000000000003,78.50000000000001,1,1,1.0
28,6,141.59,261.93,295.11,197.87,1,1,1.0
28,2,92.0,0.0,223.82999999999998,60.33,1,1,1.0
28,3,309.2,0.0,396.79,110.12,1,1,1.0
29,5,287.84,72.5,168.26000000000005,76.69999999999999,1,1,1.0
29,6,174.72,278.9,315.88,207.90000000000003,1,1,1.0
29,7,912.85,184.95,47.14999999999998,67.58000000000001,1,1,1.0
29,2,92.0,0.0,223.69,60.25,1,1,1.0
29,3,309.04,0.0,396.79,110.01,1,1,1.0
30,5,268.75,69.6,162.75,74.46000000000001,1,1,1.0
30,6,210.17,293.5,347.0300000000001,226.70000000000005,1,1,1.0
30,7,861.47,173.58,98.52999999999997,69.82,1,1,1.0
30,2,92.0,0.0,223.55,60.18,1,1,1.0
30,3,308.88,0.0,396.78999999999996,109.9,1,1,1.0
31,5,249.0,65.9,156.39999999999998,72.4,1,1,1.0
31,6,251.79,310.34,376.81000000000006,229.66000000000003,1,1,1.0
31,7,816.9,154.7,143.10000000000002,88.70000000000002,1,1,1.0
31,2,92.0,0.0,223.41000000000003,60.1,1,1,1.0
31,3,308.72,0.0,396.78999999999996,109.8,1,1,1.0
32,5,232.35,63.6,151.45000000000002,69.70000000000002,1,1,1.0
32,6,297.39,328.2,395.61,211.8,1,1,1.0
32,7,769.5,140.8,190.5,111.89999999999998,1,1,1.0
32,2,92.0,0.0,223.26,60.02,1,1,1.0
32,3,308.56,0.0,396.79,109.69,1,1,1.0
33,5,215.08,60.72,147.42,69.69999999999999,1,1,1.0
33,6,347.76,348.35,410.74,191.64999999999998,1,1,1.0
33,7,726.18,130.73,233.82000000000005,111.9,1,1,1.0
33,2,92.0,0.0,223.12,59.94,1,1,1.0
33,3,308.4,0.0,396.7900000000001,109.58,1,1,1.0
34,5,198.41,57.46,141.59,67.53999999999999,1,1,1.0
34,6,404.29,370.17,442.00999999999993,169.82999999999998,1,1,1.0
34,7,687.14,122.26,252.65999999999997,109.54,1,1,1.0
34,2,92.0,0.0,222.98000000000002,59.86,1,1,1.0
34,3,308.23,0.0,396.79999999999995,109.48,1,1,1.0
35,5,182.85,56.08,136.75000000000003,65.12,1,1,1.0
35,6,473.41,396.3,441.99999999999994,143.7,1,1,1.0
35,7,648.37,114.67,240.83000000000004,106.13000000000001,1,1,1.0
35,2,92.0,0.0,222.83999999999997,59.78,1,1,1.0
35,3,308.07,0.0,396.8,109.37,1,1,1.0
36,5,167.98,52.62,133.32000000000002,64.08000000000001,1,1,1.0
36,6,540.72,425.85,398.78,114.14999999999998,1,1,1.0
36,7,611.99,106.81,232.01,102.69,1,1,1.0
36,2,92.0,0.0,222.7,59.7,1,1,1.0
36,3,307.91,0.0,396.8,109.26,1,1,1.0
37,5,153.21,51.0,129.39000000000001,62.5,1,1,1.0
37,6,624.1,453.4,335.9,86.60000000000002,1,1,1.0
37,7,575.7,101.62,223.19999999999993,99.07999999999998,1,1,1.0
37,2,92.0,0.0,222.56,59.62,1,1,1.0
37,3,307.75,0.0,396.79999999999995,109.16,1,1,1.0
38,5,140.47,50.2,124.42999999999998,59.099999999999994,1,1,1.0
38,6,746.63,481.6,213.37,58.39999999999998,1,1,1.0
38,7,542.46,95.23,217.24,95.27,1,1,1.0
38,2,92.0,0.0,222.42000000000002,59.54,1,1,1.0
38,3,307.59,0.0,396.8,109.05,1,1,1.0
39,5,127.57,46.45,120.43,58.849999999999994,1,1,1.0
39,6,846.9,516.3,113.10000000000002,23.700000000000045,1,1,1.0
39,7,510.21,88.3,210.89000000000004,93.3,1,1,1.0
39,2,92.0,0.0,222.26999999999998,59.46,1,1,1.0
39,3,307.43,0.0,396.8,108.94,1,1,1.0
40,5,111.72,44.01,120.43,58.85,1,1,1.0
40,7,480.3,83.9,200.99999999999994,89.6,1,1,1.0
40,2,92.0,0.0,222.13,59.38,1,1,1.0
40,3,307.27,0.0,396.80000000000007,108.84,1,1,1.0
41,5,100.75,44.01,116.72999999999999,53.99,1,1,1.0
41,7,451.0,79.0,194.89999999999998,84.69999999999999,1,1,1.0
41,2,92.0,0.0,221.99,59.3,1,1,1.0
41,3,307.11,0.0,396.79999999999995,108.73,1,1,1.0
42,5,88.0,41.9,114.69999999999999,52.9,1,1,1.0
42,7,421.32,74.17,187.47999999999996,84.7,1,1,1.0
42,2,92.0,0.0,221.85000000000002,59.23,1,1,1.0
42,3,306.95,0.0,396.8,108.62,1,1,1.0
43,5,75.21,39.34,114.7,52.89999999999999,1,1,1.0
43,7,394.04,73.32,179.85999999999996,79.58000000000001,1,1,1.0
43,2,92.0,0.0,221.70999999999998,59.15,1,1,1.0
43,3,306.79,0.0,396.8,108.52,1,1,1.0
44,5,64.85,37.12,109.45000000000002,52.9,1,1,1.0
44,7,370.34,66.66,173.95999999999998,79.57,1,1,1.0
44,2,92.0,0.0,221.57,59.07,1,1,1.0
44,3,306.63,0.0,396.79999999999995,108.41,1,1,1.0
45,5,53.87,34.68,105.82999999999998,52.9,1,1,1.0
45,7,348.38,64.22,165.01999999999998,75.88,1,1,1.0
45,2,92.0,0.0,221.42000000000002,58.99,1,1,1.0
45,3,306.47,0.0,396.79999999999995,108.3,1,1,1.0
46,5,43.9,33.77,103.1,51.13,1,1,1.0
46,7,325.49,62.37,160.61,72.53,1,1,1.0
46,2,92.0,0.0,221.27999999999997,58.91,1,1,1.0
46,3,306.31,0.0,396.79,108.19,1,1,1.0
47,5,32.13,30.15,103.1,51.13,1,1,1.0
47,7,304.66,57.84,155.14,72.53,1,1,1.0
47,2,92.0,0.0,221.14,58.83,1,1,1.0
47,3,306.15,0.0,396.7900000000001,108.09,1,1,1.0
48,5,23.07,28.34,99.43,51.129999999999995,1,1,1.0
48,7,283.8,54.22,147.89999999999998,71.58,1,1,1.0
48,2,92.0,0.0,221.0,58.75,1,1,1.0
48,3,305.99,0.0,396.78999999999996,107.98,1,1,1.0
49,5,12.61,26.6,99.43,51.12,1,1,1.0
49,7,264.62,51.6,147.89999999999998,69.9,1,1,1.0
49,2,92.0,0.0,220.86,58.67,1,1,1.0
49,3,305.83,0.0,396.79,107.87,1,1,1.0
50,5,4.77,26.6,96.83,49.4,1,1,1.0
50,7,245.44,47.25,140.06,69.05,1,1,1.0
50,2,92.0,0.0,220.72000000000003,58.59,1,1,1.0
50,3,305.67,0.0,396.79,107.77,1,1,1.0
51,5,0.03,26.6,90.17,48.49999999999999,1,1,1.0
51,7,230.28,45.35,130.61999999999998,68.15,1,1,1.0
51,2,92.0,0.0,220.57,58.51,1,1,1.0
51,3,305.51,0.0,396.78999999999996,107.66,1,1,1.0
52,5,0.0,21.86,78.8,48.5,1,1,1.0
52,7,210.37,43.46,130.63,65.34,1,1,1.0
52,2,92.0,0.0,220.43,58.43,1,1,1.0
52,3,305.34,0.0,396.8,107.55,1,1,1.0
53,5,0.0,20.18,69.6,48.50000000000001,1,1,1.0
53,7,195.24,41.77,127.25999999999999,62.82999999999999,1,1,1.0
53,2,92.0,0.0,220.29000000000002,58.35,1,1,1.0
53,3,305.18,0.0,396.8,107.45,1,1,1.0
54,5,0.0,20.18,62.0,48.50000000000001,1,1,1.0
54,7,181.3,40.51,123.5,62.82,1,1,1.0
54,2,92.0,0.0,220.14999999999998,58.28,1,1,1.0
54,3,305.02,0.0,396.80000000000007,107.34,1,1,1.0
55,5,0.0,20.18,51.7,46.220000000000006,1,1,1.0
55,7,165.47,36.99,121.22999999999999,62.82,1,1,1.0
55,2,92.0,0.0,220.01,58.2,1,1,1.0
55,3,304.86,0.0,396.79999999999995,107.23,1,1,1.0
56,5,0.0,20.18,43.7,42.82,1,1,1.0
56,7,151.8,35.85,115.5,59.449999999999996,1,1,1.0
56,2,92.0,0.0,219.87,58.12,1,1,1.0
56,3,304.7,0.0,396.8,107.13,1,1,1.0
57,5,0.0,20.18,34.6,42.82,1,1,1.0
57,7,138.1,35.85,115.5,57.15,1,1,1.0
57,2,92.0,0.0,219.72000000000003,58.04,1,1,1.0
57,3,304.54,0.0,396.8,107.02,1,1,1.0
58,5,0.0,20.18,24.3,37.12,1,1,1.0
58,7,128.97,33.57,105.22999999999999,57.15,1,1,1.0
58,2,92.0,0.0,219.57999999999998,57.96,1,1,1.0
58,3,304.38,0.0,396.79999999999995,106.91,1,1,1.0
59,5,0.0,20.18,15.8,37.12,1,1,1.0
59,7,112.7,32.79,106.8,57.15,1,1,1.0
59,2,92.0,0.0,219.44,57.88,1,1,1.0
59,3,304.22,0.0,396.79999999999995,106.81,1,1,1.0
60,5,0.0,20.18,6.5,37.12,1,1,1.0
60,7,99.55,32.79,106.79,54.01,1,1,1.0
60,2,92.0,0.0,219.3,57.8,1,1,1.0
60,3,304.06,0.0,396.8,106.7,1,1,1.0
